0
1
1
2
1
2
2
3
1
2
2
3
2
3
3
4
1
2
2
5
6
7
7
8
6
7
7
8
9
10
10
11
1
2
6
7
2
5
7
8
6
7
9
10
7
8
10
11
2
3
7
8
7
8
12
13
9
10
14
15
14
15
16
17
1
2
6
7
6
7
9
10
2
5
7
8
7
8
10
11
2
3
7
8
9
10
14
15
7
8
12
13
14
15
16
17
2
3
9
10
7
8
14
15
7
8
14
15
12
13
16
17
3
4
10
11
10
11
16
17
10
11
16
17
16
17
18
19
1
6
2
7
2
7
5
8
6
9
7
10
7
10
8
11
2
7
3
8
7
12
8
13
9
14
10
15
14
16
15
17
2
7
7
12
3
8
8
13
9
14
14
16
10
15
15
17
5
8
8
13
8
13
13
20
21
22
22
23
22
23
23
24
6
9
9
14
9
14
21
22
9
21
14
22
14
22
22
25
7
10
10
15
14
16
22
23
14
22
16
23
26
27
27
28
7
10
14
16
10
15
22
23
14
22
26
27
16
23
27
28
8
11
15
17
15
17
23
24
22
25
27
28
27
28
29
30
1
6
2
7
6
9
7
10
2
7
5
8
7
10
8
11
2
7
3
8
9
14
10
15
7
12
8
13
14
16
15
17
6
9
9
14
9
21
14
22
9
14
21
22
14
22
22
25
7
10
10
15
14
22
16
23
14
16
22
23
26
27
27
28
2
7
7
12
9
14
14
16
3
8
8
13
10
15
15
17
5
8
8
13
21
22
22
23
8
13
13
20
22
23
23
24
7
10
14
16
14
22
26
27
10
15
22
23
16
23
27
28
8
11
15
17
22
25
27
28
15
17
23
24
27
28
29
30
2
9
3
10
7
14
8
15
7
14
8
15
12
16
13
17
3
10
4
11
10
16
11
17
10
16
11
17
16
18
17
19
7
14
10
16
10
22
15
23
14
26
22
27
16
27
23
28
8
15
11
17
15
23
17
24
22
27
25
28
27
29
28
30
7
14
10
16
14
26
22
27
10
22
15
23
16
27
23
28
8
15
11
17
22
27
25
28
15
23
17
24
27
29
28
30
12
16
16
18
16
27
27
29
16
27
27
29
18
29
29
31
13
17
17
19
23
28
28
30
23
28
28
30
29
31
31
32
1
6
6
9
2
7
7
10
2
7
7
10
5
8
8
11
6
9
9
21
9
14
14
22
9
14
14
22
21
22
22
25
2
7
9
14
3
8
10
15
7
12
14
16
8
13
15
17
7
10
14
22
10
15
16
23
14
16
26
27
22
23
27
28
2
7
9
14
7
12
14
16
3
8
10
15
8
13
15
17
7
10
14
22
14
16
26
27
10
15
16
23
22
23
27
28
5
8
21
22
8
13
22
23
8
13
22
23
13
20
23
24
8
11
22
25
15
17
27
28
15
17
27
28
23
24
29
30
2
9
7
14
3
10
8
15
7
14
12
16
8
15
13
17
7
14
10
22
10
16
15
23
14
26
16
27
22
27
23
28
3
10
10
16
4
11
11
17
10
16
16
18
11
17
17
19
8
15
15
23
11
17
17
24
22
27
27
29
25
28
28
30
7
14
14
26
10
16
22
27
10
22
16
27
15
23
23
28
12
16
16
27
16
18
27
29
16
27
18
29
27
29
29
31
8
15
22
27
11
17
25
28
15
23
27
29
17
24
28
30
13
17
23
28
17
19
28
30
23
28
29
31
28
30
31
32
2
9
7
14
7
14
12
16
3
10
8
15
8
15
13
17
7
14
10
22
14
26
16
27
10
16
15
23
22
27
23
28
7
14
14
26
10
22
16
27
10
16
22
27
15
23
23
28
12
16
16
27
16
27
18
29
16
18
27
29
27
29
29
31
3
10
10
16
10
16
16
18
4
11
11
17
11
17
17
19
8
15
15
23
22
27
27
29
11
17
17
24
25
28
28
30
8
15
22
27
15
23
27
29
11
17
25
28
17
24
28
30
13
17
23
28
23
28
29
31
17
19
28
30
28
30
31
32
5
21
8
22
8
22
13
23
8
22
13
23
13
23
20
24
8
22
11
25
15
27
17
28
15
27
17
28
23
29
24
30
8
22
15
27
11
25
17
28
15
27
23
29
17
28
24
30
13
23
17
28
17
28
19
30
23
29
28
31
28
31
30
32
8
22
15
27
15
27
23
29
11
25
17
28
17
28
24
30
13
23
17
28
23
29
28
31
17
28
19
30
28
31
30
32
13
23
23
29
17
28
28
31
17
28
28
31
19
30
30
32
20
24
24
30
24
30
30
32
24
30
30
32
30
32
32
33